1 0.4734375 0.275 0.2109375 0.1609375
1 0.7453125 0.321875 0.16875 0.24375
1 0.1765625 0.3296875 0.1515625 0.18125
1 0.3078125 0.346875 0.1109375 0.1109375
1 0.0515625 0.36875 0.0984375 0.253125
0 0.1578125 0.45625 0.1078125 0.0671875
0 0.81875 0.4796875 0.0421875 0.0578125
0 0.29375 0.50625 0.078125 0.2078125
1 0.7484375 0.5234375 0.0921875 0.1578125
0 0.1046875 0.528125 0.2 0.071875
0 0.440625 0.5765625 0.1515625 0.4421875
0 0.6765625 0.7421875 0.13125 0.128125
0 0.503125 0.8984375 0.2828125 0.196875