0 0.1625 0.66875 0.0515625 0.2171875
1 0.4875 0.1125 0.21875 0.225
0 0.2953125 0.1578125 0.1640625 0.309375
1 0.1171875 0.1671875 0.1828125 0.328125
0 0.7109375 0.26875 0.0484375 0.1140625
0 0.259375 0.3796875 0.028125 0.10625
0 0.1984375 0.4390625 0.0328125 0.1171875
0 0.61875 0.4609375 0.0859375 0.1
0 0.45625 0.478125 0.0890625 0.109375
1 0.865625 0.50625 0.071875 0.10625
0 0.353125 0.5640625 0.0671875 0.2859375
0 0.6640625 0.5734375 0.0859375 0.140625
0 0.5125 0.59375 0.0609375 0.203125
0 0.8796875 0.609375 0.0390625 0.0921875
0 0.25 0.6140625 0.04375 0.0765625