0 0.6765625 0.234375 0.103125 0.24375
1 0.571875 0.29375 0.0953125 0.1328125
1 0.0671875 0.346875 0.134375 0.69375
0 0.6453125 0.434375 0.1640625 0.1578125
0 0.4109375 0.4859375 0.178125 0.234375
1 0.228125 0.490625 0.184375 0.2453125
0 0.625 0.0546875 0.040625 0.109375
1 0.7765625 0.0546875 0.2703125 0.109375
0 0.284375 0.7859375 0.153125 0.3390625
0 0.04375 0.9046875 0.06875 0.1546875
1 0.5609375 0.096875 0.078125 0.1890625
1 0.3921875 0.1828125 0.2234375 0.365625
1 0.209375 0.184375 0.146875 0.36875