1 0.928125 0.2265625 0.14375 0.453125
1 0.7296875 0.24375 0.078125 0.221875
0 0.675 0.265625 0.05 0.1875
0 0.3484375 0.3484375 0.1125 0.1875
0 0.79375 0.365625 0.128125 0.575
1 0.79375 0.040625 0.125 0.08125
0 0.7125 0.4390625 0.0375 0.171875
0 0.546875 0.528125 0.034375 0.046875
0 0.5125 0.5515625 0.025 0.09375
0 0.4421875 0.5703125 0.065625 0.0875
0 0.6703125 0.6015625 0.125 0.15625
1 0.1578125 0.625 0.040625 0.128125
1 0.2171875 0.6703125 0.075 0.153125
1 0.875 0.6984375 0.246875 0.090625
1 0.796875 0.828125 0.403125 0.1625
1 0.6921875 0.0890625 0.078125 0.178125
1 0.39375 0.128125 0.1125 0.25625
0 0.5046875 0.1328125 0.109375 0.265625
1 0.6046875 0.1578125 0.09375 0.315625