1 0.8 0.384375 0.1796875 0.28125
1 0.359375 0.440625 0.3203125 0.296875
1 0.9453125 0.4859375 0.10625 0.2015625
0 0.0609375 0.6671875 0.1203125 0.203125
0 0.3171875 0.678125 0.134375 0.175
0 0.453125 0.7171875 0.1328125 0.175
0 0.91875 0.728125 0.146875 0.278125
0 0.1984375 0.75 0.14375 0.171875
0 0.596875 0.765625 0.1453125 0.15625
0 0.7578125 0.7921875 0.1734375 0.140625
1 0.0640625 0.8234375 0.1234375 0.1203125
1 0.33125 0.834375 0.1171875 0.128125
1 0.4578125 0.859375 0.1328125 0.109375
1 0.1984375 0.8859375 0.140625 0.1046875
1 0.7546875 0.9203125 0.1640625 0.1125