1 0.4828125 0.1609375 0.853125 0.321875
1 0.84375 0.3921875 0.2140625 0.1484375
1 0.1875 0.39375 0.1359375 0.1453125
0 0.4328125 0.396875 0.128125 0.128125
0 0.628125 0.4109375 0.1875 0.1515625
0 0.284375 0.4609375 0.0546875 0.1515625
0 0.1984375 0.503125 0.040625 0.075
0 0.6203125 0.5609375 0.078125 0.1328125
0 0.80625 0.5890625 0.121875 0.2390625
0 0.3828125 0.590625 0.103125 0.1640625
0 0.1984375 0.6359375 0.053125 0.1296875
0 0.9171875 0.646875 0.075 0.23125
0 0.1 0.6625 0.0703125 0.1015625
0 0.2640625 0.6640625 0.034375 0.1875