0 0.25 0.3859375 0.153125 0.140625
0 0.440625 0.36875 0.209375 0.165625
0 0.6796875 0.290625 0.234375 0.26875
0 0.828125 0.4015625 0.1375 0.08125
0 0.3421875 0.515625 0.284375 0.11875
0 0.653125 0.515625 0.159375 0.10625
0 0.65625 0.6765625 0.128125 0.040625
0 0.4171875 0.715625 0.059375 0.040625
0 0.3234375 0.7265625 0.071875 0.04375
0 0.1140625 0.703125 0.071875 0.046875
0 0.1703125 0.81875 0.090625 0.053125
0 0.0890625 0.4921875 0.115625 0.0875
0 0.515625 0.621875 0.0625 0.06875
0 0.5921875 0.5921875 0.090625 0.071875
0 0.8609375 0.809375 0.0625 0.05