1 0.584375 0.34375 0.08125 0.25625
0 0.3671875 0.3703125 0.028125 0.046875
0 0.6984375 0.3984375 0.028125 0.046875
1 0.45 0.471875 0.1125 0.5125
0 0.7 0.4890625 0.03125 0.078125
0 0.6015625 0.503125 0.059375 0.08125
1 0.76875 0.5203125 0.1 0.434375
1 0.2375 0.521875 0.075 0.49375
0 0.359375 0.525 0.03125 0.0375
0 0.7046875 0.6046875 0.034375 0.109375
0 0.31875 0.625 0.03125 0.03125
0 0.5765625 0.65625 0.121875 0.2375
0 0.346875 0.675 0.025 0.025
0 0.7046875 0.725 0.040625 0.1
0 0.315625 0.734375 0.03125 0.03125