0 0.36015625 0.10703125 0.15234375 0.20625
0 0.640625 0.6984375 0.040625 0.10859375
0 0.58203125 0.7390625 0.03203125 0.08515625
0 0.74609375 0.70078125 0.040625 0.05859375
0 0.4140625 0.684375 0.0640625 0.0765625
0 0.50703125 0.7203125 0.04765625 0.0546875
0 0.4828125 0.63828125 0.03515625 0.05625
0 0.35078125 0.6890625 0.05390625 0.0640625
0 0.20859375 0.6375 0.1625 0.16484375
0 0.27109375 0.94453125 0.01796875 0.02890625
0 0.815625 0.9296875 0.04453125 0.05234375
0 0.42890625 0.9421875 0.021875 0.0484375
0 0.1390625 0.9515625 0.07734375 0.09375
0 0.40234375 0.53203125 0.0390625 0.04140625
0 0.3171875 0.5265625 0.01484375 0.0359375
0 0.3484375 0.546875 0.0125 0.02109375
0 0.36796875 0.5421875 0.00703125 0.0296875
0 0.64453125 0.9453125 0.0203125 0.01875