0 0.4734375 0.3078125 0.046875 0.1078125
1 0.3390625 0.3546875 0.05625 0.2171875
0 0.671875 0.3578125 0.0625 0.1421875
1 0.7828125 0.3578125 0.071875 0.071875
1 0.5703125 0.3875 0.1421875 0.2375
0 0.2578125 0.421875 0.1046875 0.2078125
0 0.4328125 0.5078125 0.13125 0.2859375
1 0.840625 0.521875 0.0578125 0.2546875
0 0.75 0.546875 0.1203125 0.30625
0 0.628125 0.5734375 0.1078125 0.1234375
0 0.3328125 0.575 0.0484375 0.0546875
0 0.4828125 0.7109375 0.1421875 0.1078125
0 0.421875 0.075 0.1046875 0.1375
0 0.5796875 0.8078125 0.096875 0.16875
0 0.3328125 0.8578125 0.0578125 0.203125
0 0.878125 0.865625 0.1265625 0.240625
0 0.753125 0.9 0.0796875 0.19375
0 0.44375 0.9046875 0.0796875 0.1796875
0 0.5515625 0.1875 0.1609375 0.1625
1 0.4078125 0.2515625 0.08125 0.228125