0 0.221875 0.5203125 0.07421875 0.0734375
0 0.5078125 0.29609375 0.09453125 0.1109375
0 0.6625 0.346875 0.05390625 0.06953125
0 0.7203125 0.4296875 0.0515625 0.0484375
0 0.8984375 0.4 0.0265625 0.0359375
0 0.93125 0.3890625 0.02578125 0.0359375
0 0.76875 0.4515625 0.02421875 0.04453125
0 0.803125 0.39765625 0.02890625 0.02890625
0 0.8109375 0.453125 0.04609375 0.0375
0 0.6375 0.44921875 0.04375 0.05390625
0 0.4546875 0.5 0.05546875 0.078125
0 0.36875 0.52578125 0.04375 0.04296875
0 0.4140625 0.521875 0.02890625 0.0375
0 0.42109375 0.4359375 0.0171875 0.0640625
0 0.590625 0.46015625 0.01171875 0.0234375