0 0.6609375 0.184375 0.115625 0.18125
1 0.5203125 0.1890625 0.1625 0.378125
0 0.3890625 0.2046875 0.0921875 0.165625
0 0.296875 0.3046875 0.0640625 0.134375
1 0.6515625 0.046875 0.0953125 0.09375
0 0.684375 0.4796875 0.1671875 0.2078125
0 0.3125 0.0578125 0.059375 0.115625
1 0.390625 0.0609375 0.0921875 0.121875
0 0.296875 0.61875 0.0875 0.1390625
1 0.9109375 0.66875 0.103125 0.1484375
0 0.7109375 0.7890625 0.1 0.1390625
0 0.925 0.8453125 0.1171875 0.1953125
0 0.60625 0.85625 0.065625 0.1578125
0 0.2703125 0.93125 0.0671875 0.0921875