0 0.1640625 0.465625 0.059375 0.1015625
0 0.1890625 0.559375 0.0484375 0.0828125
0 0.1203125 0.5125 0.0296875 0.06875
0 0.0984375 0.5375 0.025 0.025
0 0.0734375 0.55625 0.028125 0.0265625
0 0.05 0.5484375 0.0234375 0.05
0 0.3453125 0.3765625 0.0390625 0.046875
0 0.3609375 0.44375 0.0265625 0.1015625
0 0.403125 0.4515625 0.05 0.0734375
0 0.3953125 0.5265625 0.065625 0.0703125
0 0.425 0.64375 0.090625 0.16875
0 0.4875 0.5796875 0.0375 0.071875
0 0.525 0.6328125 0.0375 0.2234375
0 0.56875 0.6421875 0.053125 0.16875
0 0.6078125 0.6625 0.0234375 0.11875
0 0.671875 0.2640625 0.0359375 0.0390625
0 0.909375 0.0734375 0.034375 0.04375
0 0.9421875 0.034375 0.040625 0.034375
0 0.9875 0.0390625 0.021875 0.0328125
0 0.7765625 0.228125 0.0203125 0.0640625
