0 0.4734375 0.3484375 0.0703125 0.203125
1 0.740625 0.359375 0.1984375 0.1359375
0 0.5890625 0.384375 0.1046875 0.1859375
1 0.8890625 0.4078125 0.0953125 0.228125
0 0.721875 0.4625 0.1640625 0.06875
1 0.8234375 0.4734375 0.034375 0.0921875
0 0.315625 0.4828125 0.14375 0.628125
1 0.86875 0.571875 0.0609375 0.1
0 0.7703125 0.584375 0.03125 0.0859375
0 0.1515625 0.5890625 0.1828125 0.378125
1 0.315625 0.084375 0.1453125 0.16875
1 0.4546875 0.1234375 0.125 0.246875
1 0.7390625 0.146875 0.446875 0.29375
1 0.1390625 0.146875 0.203125 0.29375