1 0.109375 0.415625 0.0859375 0.203125
1 0.4546875 0.41875 0.090625 0.1953125
1 0.640625 0.4359375 0.071875 0.3375
0 0.3203125 0.4515625 0.1734375 0.278125
0 0.1765625 0.4828125 0.109375 0.203125
0 0.728125 0.5109375 0.0984375 0.215625
0 0.9015625 0.584375 0.1921875 0.1921875
0 0.546875 0.634375 0.075 0.146875
1 0.6203125 0.13125 0.3703125 0.2609375
1 0.284375 0.1546875 0.1671875 0.3015625
0 0.390625 0.1875 0.13125 0.24375
1 0.9015625 0.284375 0.1890625 0.5453125
1 0.1625 0.3625 0.078125 0.225
0 0.559375 0.3765625 0.0890625 0.1765625