1 0.2515625 0.196875 0.121875 0.39375
1 0.384375 0.2546875 0.140625 0.5078125
0 0.1109375 0.3171875 0.0484375 0.19375
1 0.59375 0.396875 0.275 0.79375
0 0.0609375 0.4109375 0.05 0.128125
0 0.1625 0.434375 0.053125 0.43125
0 0.25 0.45 0.1203125 0.1171875
1 0.8203125 0.45625 0.1734375 0.321875
1 0.0703125 0.609375 0.13125 0.2140625
0 0.3203125 0.68125 0.2625 0.3390625
0 0.09375 0.85625 0.1859375 0.284375
0 0.2671875 0.909375 0.1546875 0.1140625
1 0.4578125 0.921875 0.221875 0.1515625
1 0.096875 0.1078125 0.19375 0.215625