1 0.215625 0.328125 0.2515625 0.421875
0 0.4046875 0.434375 0.128125 0.0953125
0 0.1359375 0.578125 0.090625 0.1921875
0 0.2671875 0.615625 0.0265625 0.0859375
0 0.321875 0.6171875 0.0296875 0.140625
0 0.3796875 0.621875 0.0359375 0.1828125
0 0.1984375 0.6421875 0.021875 0.096875
0 0.23125 0.6421875 0.03125 0.1203125
0 0.653125 0.6796875 0.1578125 0.3375
0 0.959375 0.6875 0.065625 0.075
0 0.7921875 0.7546875 0.01875 0.1921875
1 0.7765625 0.121875 0.4375 0.2328125
1 0.3703125 0.2078125 0.2984375 0.30625