0 0.6203125 0.2265625 0.025 0.046875
0 0.453125 0.26875 0.0171875 0.0703125
0 0.50625 0.284375 0.01875 0.046875
0 0.378125 0.2890625 0.0359375 0.096875
0 0.634375 0.3 0.021875 0.040625
0 0.315625 0.3125 0.01875 0.046875
0 0.596875 0.31875 0.0171875 0.0390625
0 0.5296875 0.334375 0.01875 0.05
0 0.715625 0.346875 0.028125 0.0609375
0 0.3453125 0.346875 0.021875 0.046875
0 0.6484375 0.3703125 0.0234375 0.0984375
0 0.4828125 0.371875 0.03125 0.134375
0 0.4125 0.3734375 0.0203125 0.090625
0 0.5625 0.3890625 0.0296875 0.078125
0 0.371875 0.4125 0.01875 0.0609375
0 0.69375 0.4296875 0.0203125 0.046875
0 0.6015625 0.4375 0.03125 0.078125
0 0.453125 0.4578125 0.0296875 0.0828125