1 0.534375 0.1140625 0.3109375 0.228125
1 0.8859375 0.1421875 0.2203125 0.0859375
0 0.73125 0.1625 0.090625 0.1390625
1 0.9609375 0.265625 0.0765625 0.1484375
1 0.5 0.28125 0.115625 0.1046875
0 0.725 0.3359375 0.33125 0.215625
0 0.528125 0.3875 0.0640625 0.1078125
0 0.375 0.4046875 0.2328125 0.1296875
1 0.84375 0.0484375 0.309375 0.096875
0 0.7265625 0.50625 0.4640625 0.1859375
0 0.9 0.625 0.11875 0.053125
0 0.58125 0.6359375 0.1578125 0.0671875
1 0.7421875 0.6484375 0.178125 0.05625
1 0.1859375 0.6703125 0.1140625 0.240625
1 0.3890625 0.6953125 0.209375 0.1203125