1 0.109375 0.415625 0.0875 0.203125
1 0.4546875 0.41875 0.090625 0.196875
1 0.640625 0.4359375 0.071875 0.3375
0 0.3203125 0.4515625 0.175 0.278125
0 0.1765625 0.4828125 0.109375 0.203125
0 0.728125 0.5109375 0.1 0.215625
0 0.9015625 0.584375 0.19375 0.19375
0 0.546875 0.634375 0.075 0.146875
1 0.6203125 0.13125 0.371875 0.2625
1 0.284375 0.1546875 0.165625 0.303125
0 0.390625 0.1875 0.13125 0.24375
1 0.9015625 0.284375 0.190625 0.546875
1 0.1625 0.3625 0.078125 0.225
0 0.559375 0.3765625 0.090625 0.175