0 0.25 0.3859375 0.153125 0.140625
0 0.440625 0.36875 0.2078125 0.165625
0 0.6796875 0.290625 0.2328125 0.2671875
0 0.828125 0.4015625 0.1359375 0.0796875
0 0.3421875 0.515625 0.284375 0.1171875
0 0.653125 0.515625 0.159375 0.1046875
0 0.65625 0.6765625 0.1265625 0.0390625
0 0.4171875 0.715625 0.059375 0.0390625
0 0.3234375 0.7265625 0.0703125 0.04375
0 0.1140625 0.703125 0.0703125 0.0453125
0 0.1703125 0.81875 0.0890625 0.0515625
0 0.0890625 0.4921875 0.115625 0.0875
0 0.515625 0.621875 0.0609375 0.06875
0 0.5921875 0.5921875 0.090625 0.0703125
0 0.8609375 0.809375 0.0609375 0.0484375