1 0.9484375 0.1640625 0.103125 0.325
1 0.840625 0.2890625 0.11875 0.078125
0 0.703125 0.290625 0.15 0.075
1 0.41875 0.3453125 0.415625 0.184375
0 0.1734375 0.3546875 0.071875 0.20625
1 0.3109375 0.490625 0.065625 0.103125
0 0.240625 0.5203125 0.075 0.159375
1 0.58125 0.528125 0.246875 0.175
0 0.396875 0.540625 0.115625 0.103125
0 0.309375 0.5671875 0.065625 0.05625
0 0.7140625 0.6125 0.059375 0.140625
0 0.55 0.6875 0.259375 0.14375
1 0.3078125 0.1265625 0.371875 0.253125
1 0.6359375 0.1265625 0.284375 0.253125