0 0.6171875 0.75 0.0703125 0.0734375
1 0.465625 0.7640625 0.1484375 0.09375
0 0.3515625 0.1484375 0.184375 0.1
1 0.5578125 0.171875 0.2328125 0.3375
0 0.8375 0.24375 0.3234375 0.2046875
1 0.4421875 0.3125 0.1890625 0.2125
0 0.253125 0.346875 0.1796875 0.2921875
0 0.9234375 0.4359375 0.146875 0.184375
0 0.403125 0.45625 0.11875 0.0484375
1 0.359375 0.05 0.16875 0.1
1 0.3765625 0.5 0.109375 0.0640625
0 0.64375 0.5296875 0.4046875 0.3671875
0 0.1015625 0.5703125 0.1421875 0.1375
1 0.8359375 0.0734375 0.321875 0.146875