1 0.3796875 0.359375 0.7578125 0.25
1 0.6453125 0.5453125 0.1640625 0.1125
1 0.0640625 0.5515625 0.1265625 0.140625
0 0.278125 0.5578125 0.1484375 0.1453125
0 0.46875 0.565625 0.1890625 0.159375
0 0.15 0.590625 0.040625 0.0984375
0 0.1375 0.6859375 0.053125 0.0546875
0 0.4640625 0.70625 0.071875 0.1140625
0 0.646875 0.721875 0.128125 0.2390625
0 0.2390625 0.7390625 0.1 0.1671875
0 0.7578125 0.7640625 0.0703125 0.2375
0 0.0609375 0.796875 0.065625 0.1515625
0 0.128125 0.8265625 0.0265625 0.159375