0 0.6640625 0.7921875 0.2515625 0.41015625
0 0.81484375 0.37734375 0.12109375 0.3171875
0 0.22109375 0.9 0.06875 0.13515625
0 0.428125 0.15390625 0.1703125 0.275
0 0.265625 0.0703125 0.10859375 0.12109375
0 0.0875 0.1390625 0.06875 0.0765625
0 0.33125 0.5453125 0.04296875 0.065625
0 0.23125 0.7078125 0.05390625 0.1046875
0 0.30390625 0.23046875 0.07265625 0.13984375
0 0.90625 0.66640625 0.03828125 0.07890625
0 0.425 0.88203125 0.28125 0.1140625
0 0.62109375 0.2859375 0.1171875 0.128125
0 0.57265625 0.50703125 0.05390625 0.128125
0 0.73359375 0.4 0.053125 0.11875
0 0.68515625 0.4 0.02734375 0.0859375
0 0.71328125 0.54921875 0.02109375 0.06328125
0 0.49140625 0.4078125 0.02265625 0.2140625
0 0.4171875 0.4875 0.0140625 0.13046875
0 0.4484375 0.4671875 0.0171875 0.1515625
0 0.3625 0.43203125 0.03125 0.05390625
0 0.4125 0.37734375 0.02890625 0.0421875
0 0.25 0.509375 0.02578125 0.04921875
0 0.26484375 0.53046875 0.02734375 0.06796875
0 0.28359375 0.70546875 0.02109375 0.071875