1 0.6046875 0.2328125 0.0515625 0.2171875
0 0.6703125 0.240625 0.075 0.2375
0 0.3328125 0.271875 0.128125 0.2828125
0 0.80625 0.334375 0.0796875 0.1484375
1 0.490625 0.3359375 0.1828125 0.165625
1 0.4 0.459375 0.0984375 0.0859375
0 0.3421875 0.56875 0.1109375 0.134375
0 0.759375 0.609375 0.096875 0.2953125
1 0.4640625 0.6359375 0.125 0.2578125
0 0.771875 0.075 0.0828125 0.14375
0 0.6703125 0.8046875 0.0765625 0.2578125
0 0.3 0.8671875 0.1359375 0.2
0 0.04375 0.88125 0.0875 0.23125
0 0.4015625 0.9078125 0.0640625 0.153125
0 0.1984375 0.9203125 0.0671875 0.1578125
0 0.821875 0.9765625 0.075 0.0453125